24308
24341
24374
24407
24440
24473
24506
24539
24572
24605
24638
24671
24704
24737
24770
24803
24836
24869
24902
24935
24968
25001
25034
25067
25100
25133
25166
25199
25232
25265
25298
25331
25364
25397
25430
25463
25496
25529
25562
25595
25628
25661
25694
25727
25760
25793
25826
25859
25892
25925
25958
25991
26024
26057
26090
26123
26156
26189
26222
26255
26288
26321
26354
26387
26420
26453
26486
26519
26552
26585
26618
26651
26684
26717
26750
26783
26816
26849
26882
26915
26948
26981
27014
27047
27080
27113
27146
27179
27212
27245
27278
27311
27344
27377
27410
27443
27476
27509
27542
27575
27608
27641
27674
27707
27740
27773
27806
27839
27872
27905
27938
27971
28004
28037
28070
28103
28136
28169
28202
28235
28268
28301
28334
28367
28400
28433
28466
28499
28532
28565
28598
28631
28664
28697
28730
28763
28796
28829
28862
28895
28928
28961
28994
29027
29060
29093
